1 0 0 0    1.5832220019188459
0 1 0 0    1.5832220019188459
1 0 0 0    1.5832220019188459
1 0 0 0    1.5832220019188459
0 1 0 0    1.5832220019188459
1 0 0 0    1.5832220019188459
1 0 0 0    1.5832220019188459
0 1 0 0    1.5832220019188459
1 0 0 0    1.5832220019188459
0 1 0 0    1.5832220019188459
0 1 0 0    1.5832220019188459
0 1 0 0 1 4 0 0    -0.5067954552285957
1 0 0 0    1.5832220019188459
1 0 0 0    1.5832220019188459
0 1 0 0    1.5832220019188459
1 0 0 0    1.5832220019188459
0 1 0 0    1.5832220019188459
1 0 0 0    1.5832220019188459
1 0 0 0    1.5832220019188459
1 0 0 0    1.5832220019188459
1 0 0 0    1.5832220019188459
0 1 0 0    1.5832220019188459
0 1 0 0    1.5832220019188459
1 0 0 0    1.5832220019188459
0 1 0 0    1.5832220019188459
1 0 0 0    1.5832220019188459
0 1 0 0    1.5832220019188459
1 0 0 0    1.5832220019188459
1 0 0 0    1.5832220019188459
1 0 0 0    1.5832220019188459
1 0 0 0    1.5832220019188459
0 1 0 0    1.5832220019188459
0 1 0 0    1.5832220019188459
1 0 0 0    1.5832220019188459
0 1 0 0    1.5832220019188459
0 1 0 0 1 4 0 0    -0.5067954552285957
0 1 0 0    1.5832220019188459
1 0 0 0    1.5832220019188459
0 1 0 0    1.5832220019188459
1 0 0 0    1.5832220019188459
1 0 0 0    1.5832220019188459
0 1 0 0    1.5832220019188459
0 1 0 0    1.5832220019188459
1 0 0 0    1.5832220019188459
0 1 0 0    1.5832220019188459
0 1 0 0    1.5832220019188459
0 1 0 0    1.5832220019188459
0 1 0 0    1.5832220019188459
0 1 0 0 1 4 0 0    -0.5067954552285957
1 0 0 0    1.5832220019188459
0 1 0 0    1.5832220019188459
1 0 0 0    1.5832220019188459
0 1 0 0    1.5832220019188459
0 1 0 0    1.5832220019188459
0 1 0 0    1.5832220019188459
1 0 0 0    1.5832220019188459
0 1 0 0    1.5832220019188459
1 0 0 0    1.5832220019188459
0 1 0 0    1.5832220019188459
0 1 0 0    1.5832220019188459
0 1 0 0    1.5832220019188459
1 0 0 0    1.5832220019188459
0 1 0 0    1.5832220019188459
0 1 0 0    1.5832220019188459
0 1 0 0    1.5832220019188459
0 1 0 0    1.5832220019188459
0 1 0 0    1.5832220019188459
0 1 0 0    1.5832220019188459
1 0 0 0    1.5832220019188459
1 0 0 0    1.5832220019188459
1 0 0 0    1.5832220019188459
0 1 0 0    1.5832220019188459
0 1 0 0    1.5832220019188459
0 1 0 0 1 4 0 0    -0.5067954552285957
0 1 0 0    1.5832220019188459
0 1 0 0    1.5832220019188459
0 1 0 0    1.5832220019188459
0 1 0 0    1.5832220019188459
1 0 0 0    1.5832220019188459
0 1 0 0    1.5832220019188459
1 0 0 0    1.5832220019188459
1 0 0 0    1.5832220019188459
0 1 0 0    1.5832220019188459
1 0 0 0    1.5832220019188459
1 0 0 0    1.5832220019188459
0 1 0 0    1.5832220019188459
0 1 0 0    1.5832220019188459
1 0 0 0    1.5832220019188459
1 0 0 0    1.5832220019188459
0 1 0 0 1 4 0 0    -0.5067954552285957
1 0 0 0 0 1 0 0 1 4 0 0 2 1 0 2    -0.8170239439634015
1 0 0 0 0 1 0 0 1 4 0 0 2 1 0 2    -0.8170239439634015
1 0 0 0 0 1 0 0 1 4 0 0 2 1 0 2    -0.8170239439634015
1 0 0 0 0 1 0 0 1 4 0 0 2 1 0 2    -0.8170239439634015
0 1 0 0 1 4 0 0 2 1 0 2    -0.7988303164233304
0 1 0 0 1 4 0 0 2 1 0 2    -0.7988303164233304
0 1 0 0 1 4 0 0 2 1 0 2    -0.7988303164233304
0 1 0 0 1 4 0 0 2 1 0 2    -0.7988303164233304
1 0 0 0 0 1 0 0 1 5 1 0 1 4 0 0 2 1 0 2    -0.8178600135896585
1 0 0 0 0 1 0 0 1 5 1 0 1 4 0 0 2 1 0 2    -0.8178600135896585
